[1836, 713, 924, 5944, 5385, 4639, 8506, 4712, 9318, 3973, 19, 2335, 9951, 226, 4818, 6531, 7606, 8216, 4957, 9524, 5473, 9262, 8767, 6494, 5890, 5020, 5479, 8298, 3118, 3998, 8349, 9962, 5314, 4975, 9, 8712, 2087, 5728, 982, 8297, 6471, 1856, 8283, 1882, 6538, 1664, 3692, 2346, 7078, 1444, 9478, 2117, 5402, 8704, 129, 8868, 4082, 8508, 6321, 426, 4720, 1082, 9850, 4379, 7653, 9294, 8672, 8130, 900, 951, 8152, 9156, 4228, 9882, 6718, 5356, 5242, 3455, 1607, 6748, 2407, 1978, 2623, 6275, 6143, 3814, 6344, 6071, 5812, 802, 5080, 1217, 3737, 6210, 4580, 7098, 3647, 7642, 5637, 5852]
[5198, 2640, 9953, 6790, 3247, 8271, 6480, 6692, 9562, 3163, 1217, 4234, 8976, 9430, 2995, 9298, 2708, 2019, 9373, 6103, 2575, 2942, 339, 9844, 1793, 5031, 2166, 8768, 2508, 8021, 4417, 5095, 9838, 2022, 9909, 9337, 8350, 9468, 2266, 8676, 6500, 5204, 8751, 4613, 4513, 2790, 9072, 8056, 6351, 2461, 2514, 6505, 815, 939, 895, 7619, 7331, 680, 7894, 7075, 7910, 3258, 7034, 3919, 4990, 6492, 456, 6642, 5698, 6348, 754, 8818, 964, 8032, 5931, 8180, 6167, 3090, 402, 884, 8095, 5899, 2590, 9612, 4856, 5623, 5628, 698, 3008, 8523, 8396, 8164, 6796, 9686, 8671, 2575, 7752, 1479, 4843, 4717]
[4971, 2499, 7268, 9462, 3269, 4135, 2927, 8315, 7283, 259, 1868, 2087, 4798, 6916, 6907, 6251, 7, 5368, 1771, 1335, 6868, 8141, 8115, 2186, 2451, 2707, 6280, 6167, 6491, 9018, 960, 748, 7810, 9732, 7376, 271, 5257, 5680, 6731, 7297, 9129, 1811, 8415, 9462, 5435, 3476, 5189, 6272, 3358, 2943, 8629, 4793, 7072, 7533, 6542, 3679, 8283, 1212, 3561, 5603, 5354, 8860, 3598, 4567, 411, 7925, 1743, 7717, 706, 7464, 7549, 7646, 9083, 3006, 6582, 7094, 7100, 3957, 1193, 9123, 7010, 8950, 9572, 353, 5686, 3867, 7236, 8664, 9938, 1955, 5786, 5004, 6373, 7723, 7112, 8852, 6694, 7434, 5396, 1886]
[2844, 4779, 9871, 5710, 1600, 397, 2283, 4190, 30, 4135, 6251, 4777, 2749, 8288, 2704, 3838, 9838, 7453, 6216, 6333, 594, 3295, 9620, 6957, 3815, 2363, 4199, 7305, 7290, 5364, 9604, 3199, 4974, 2914, 6135, 5833, 1003, 5177, 5854, 2408, 8556, 7244, 3356, 2438, 2991, 8104, 1909, 4193, 2693, 9463, 5649, 3862, 7435, 8275, 9808, 6117, 1614, 1332, 274, 1117, 684, 2097, 2388, 3320, 7629, 9520, 7636, 2175, 6819, 586, 1165, 3811, 9727, 3063, 8189, 363, 8886, 1934, 6754, 1004, 8538, 4178, 1630, 7825, 7883, 8268, 589, 5689, 3921, 8806, 7156, 8370, 3525, 7570, 7011, 979, 6292, 8890, 5133, 199]
[3464, 4980, 4357, 1924, 5689, 1626, 2684, 4946, 9502, 7927, 7872, 3718, 2377, 9883, 608, 9860, 9042, 7981, 9149, 8765, 8436, 8585, 6603, 98, 6152, 9816, 6204, 5674, 8240, 6323, 6101, 6055, 2328, 4213, 7320, 27, 6989, 6552, 9867, 7010, 7014, 9254, 7269, 4598, 3194, 1079, 2312, 2075, 3681, 7755, 4141, 4825, 2286, 464, 1038, 1337, 4504, 9528, 6865, 9056, 9995, 4163, 1553, 7966, 1414, 4969, 5159, 4065, 622, 5446, 7406, 312, 3492, 7700, 741, 6343, 9802, 1976, 7156, 3178, 3987, 2578, 5935, 7807, 2572, 8029, 5741, 3797, 1890, 3199, 767, 7149, 9632, 9515, 1957, 869, 7128, 6558, 267, 1304]
[6456, 8210, 1323, 9104, 1089, 4717, 512, 4766, 4471, 4006, 6249, 1192, 9962, 8128, 7741, 3625, 1543, 7280, 6262, 5870, 4631, 3779, 8559, 2869, 5879, 3835, 7600, 1660, 3468, 1913, 2843, 8183, 8546, 3747, 5136, 8372, 4132, 9844, 1815, 9350, 8570, 3046, 5153, 2430, 203, 2592, 4984, 2330, 7833, 8757, 5127, 9762, 7439, 1594, 4920, 5317, 7908, 5811, 6791, 169, 2272, 7439, 9819, 5497, 8541, 4741, 434, 3586, 6270, 9230, 834, 2035, 6749, 9988, 5772, 62, 1546, 971, 2933, 6333, 237, 4011, 4428, 2640, 1308, 6176, 107, 7732, 8727, 1506, 7510, 2517, 3866, 8263, 4605, 7398, 2300, 451, 1732, 592]
[375, 4281, 3686, 2725, 4973, 8862, 169, 1603, 5720, 5834, 9363, 7122, 4944, 8854, 5554, 20, 8408, 1189, 8735, 1920, 974, 2973, 6561, 9348, 7444, 439, 4882, 4269, 2560, 2434, 7167, 2362, 2348, 2729, 281, 7236, 5215, 941, 1481, 7935, 9803, 6458, 1626, 3003, 6822, 3955, 7468, 4981, 4940, 9395, 9183, 5928, 283, 4348, 3424, 6323, 4803, 2895, 2056, 4210, 655, 2686, 8853, 3851, 142, 3475, 7761, 9399, 4628, 8519, 4231, 6489, 3754, 9230, 4517, 9104, 6196, 9150, 3772, 4687, 4311, 6316, 5113, 4105, 6881, 8657, 3196, 4618, 1971, 8970, 9629, 2262, 4161, 8854, 8526, 5882, 2925, 7002, 2784, 6314]
[2381, 702, 9452, 280, 1990, 7558, 7020, 111, 746, 7039, 3458, 7760, 1910, 3628, 3922, 2712, 905, 7314, 6237, 9069, 5272, 1727, 1534, 4311, 976, 7885, 6265, 7220, 6128, 6071, 4523, 555, 874, 7421, 2662, 9366, 848, 2992, 812, 7877, 7903, 815, 6400, 9845, 6729, 2689, 8405, 8222, 9180, 4356, 7776, 7916, 2936, 831, 2283, 544, 661, 8825, 1412, 2529, 1189, 8867, 8188, 7748, 2984, 9251, 2119, 2141, 3128, 2753, 4677, 9175, 1185, 2341, 3615, 1911, 2661, 7351, 2901, 6419, 1278, 5403, 2845, 6440, 3513, 3525, 8736, 7226, 8492, 4029, 7863, 1929, 1438, 6898, 2445, 5960, 2615, 9351, 6452, 7060]
[7142, 2787, 2824, 7078, 9791, 4182, 45, 2162, 8284, 1093, 7795, 3038, 1358, 1356, 2379, 915, 4159, 2684, 3642, 5910, 9706, 5383, 4764, 249, 1118, 8500, 2500, 4612, 5125, 9508, 8385, 1533, 4858, 9455, 3402, 8927, 7813, 560, 175, 2040, 5006, 761, 1998, 5824, 1820, 9539, 3285, 5307, 5181, 466, 5553, 6904, 8588, 8382, 4048, 4300, 9053, 9267, 9079, 832, 4924, 6827, 3808, 251, 9147, 9008, 9762, 1469, 4533, 8961, 894, 902, 7914, 8750, 6210, 2617, 7705, 6963, 6994, 4976, 9266, 5953, 4619, 6985, 5093, 3604, 4816, 89, 3215, 8479, 8518, 7948, 2616, 5178, 1430, 3506, 1856, 7756, 803, 1368]
[5835, 7613, 9124, 2425, 145, 2014, 70, 337, 2725, 3895, 1833, 6146, 1423, 9646, 5417, 2005, 6730, 3310, 4526, 1894, 6406, 4864, 7617, 3537, 2987, 4862, 9740, 5249, 8648, 6891, 9269, 8783, 3086, 271, 353, 4094, 6398, 1739, 7429, 9640, 8214, 5011, 5561, 4899, 1902, 392, 5808, 9304, 5795, 8595, 9587, 4205, 9118, 5925, 9164, 7368, 9684, 3437, 6363, 5302, 8898, 4349, 3964, 1736, 358, 2265, 6888, 6450, 9170, 213, 7081, 9698, 7454, 5275, 2553, 3491, 7355, 2763, 3653, 2384, 2333, 6484, 8427, 6944, 5447, 5780, 7711, 3683, 461, 8925, 3953, 87, 2417, 8100, 9544, 1570, 638, 101, 4681, 8165]
[6730, 2707, 3483, 3988, 9236, 4465, 45, 842, 5092, 2925, 1713, 1020, 6587, 1166, 7433, 7458, 1998, 266, 7814, 82, 3949, 4014, 5539, 4076, 2786, 2646, 5856, 4152, 7452, 4707, 3173, 2647, 3192, 6800, 3474, 1983, 3066, 8989, 8115, 5016, 766, 335, 9988, 6955, 793, 8625, 1500, 5665, 9563, 1381, 396, 5111, 2990, 8192, 3770, 4651, 2967, 1399, 984, 4313, 2129, 9564, 7079, 770, 3473, 6115, 2056, 3015, 3332, 2058, 7302, 1674, 6852, 9032, 6167, 9854, 7552, 5851, 6462, 8874, 8147, 9579, 1025, 327, 1584, 9246, 4638, 9335, 6026, 6161, 4788, 3393, 2386, 8798, 5290, 8694, 9265, 2655, 8421, 8435]
[8864, 8048, 3392, 6778, 4868, 4670, 2199, 5162, 217, 5509, 5273, 2254, 946, 3170, 3996, 4652, 7272, 6289, 5357, 182, 9980, 676, 4132, 9346, 76, 7636, 9768, 5684, 633, 2625, 3885, 7238, 164, 7333, 2386, 1679, 9960, 2707, 5401, 4227, 1118, 9586, 8083, 2532, 3716, 2835, 7880, 4264, 2015, 4915, 8097, 1308, 8926, 720, 9561, 7225, 2311, 3768, 278, 6344, 1134, 3391, 4756, 4257, 3387, 8502, 2945, 2244, 6517, 2081, 1130, 2296, 5941, 1526, 2992, 3712, 6818, 3525, 943, 5966, 1296, 9999, 9059, 552, 9190, 6084, 5575, 9481, 6540, 6353, 5178, 8707, 7462, 4087, 5864, 9936, 6619, 3904, 990, 857]
[9522, 4887, 7665, 5442, 3907, 1562, 8789, 6070, 6210, 4751, 1990, 872, 52, 2323, 66, 2761, 4084, 178, 9863, 9865, 6551, 7327, 9168, 6306, 6151, 2212, 333, 2257, 3954, 9954, 5455, 4073, 5919, 3502, 7141, 1477, 8702, 9362, 8245, 8018, 1700, 1844, 8273, 8118, 4364, 3857, 8260, 5938, 4697, 4340, 6416, 5203, 682, 5396, 4268, 8326, 2778, 6445, 9065, 8967, 5277, 7322, 1535, 3134, 8531, 6823, 9211, 6802, 9547, 4639, 3556, 5331, 580, 8687, 4107, 4702, 306, 6621, 6991, 3732, 9018, 332, 3879, 3875, 4757, 6017, 7348, 3260, 8939, 2446, 9235, 4198, 6957, 561, 8660, 9443, 5990, 905, 2043, 6609]
[9914, 6970, 6285, 2888, 1588, 918, 2597, 5145, 3890, 7919, 9597, 5051, 7774, 5925, 448, 4522, 2563, 8807, 6949, 7239, 7509, 6115, 669, 5294, 1395, 6202, 513, 8474, 4769, 6963, 1218, 4530, 151, 695, 1783, 9171, 4091, 9530, 7748, 3134, 9535, 2634, 2530, 459, 9114, 1543, 6061, 6677, 4896, 2326, 2972, 8048, 6608, 8463, 7170, 5015, 4986, 8623, 732, 3239, 2920, 1567, 87, 9557, 7609, 9307, 5693, 3291, 231, 7151, 8857, 3953, 9979, 5131, 7885, 9441, 8248, 9389, 3528, 5773, 2296, 5349, 2689, 2985, 4761, 6615, 206, 646, 5566, 7755, 2661, 2753, 2474, 966, 2601, 1417, 232, 681, 9978, 906]
[471, 634, 3184, 1461, 8497, 285, 7652, 9194, 9075, 5519, 1369, 5482, 5234, 7900, 9219, 2630, 9297, 6077, 6097, 2226, 3124, 4409, 3397, 1399, 7411, 7500, 5463, 6094, 4316, 5728, 995, 7243, 4223, 5029, 9235, 3410, 4871, 9459, 1293, 7685, 2187, 4190, 7054, 8581, 5828, 4190, 9167, 2315, 4792, 9707, 6622, 5947, 1962, 5334, 3903, 1513, 8415, 6509, 2165, 3851, 1502, 8283, 4857, 7458, 5665, 5101, 502, 5744, 9652, 4514, 1508, 2230, 1619, 5170, 4288, 3688, 8588, 8798, 2744, 7797, 5993, 1121, 1523, 9980, 9923, 6346, 3484, 8590, 5386, 5678, 8461, 2994, 2381, 6310, 8749, 4292, 6057, 3604, 2769, 4716]
[5419, 8322, 1745, 5878, 3108, 7864, 2759, 5651, 5555, 241, 6053, 118, 7775, 4547, 4933, 3816, 7036, 2195, 940, 5055, 5284, 7225, 860, 908, 8097, 7691, 3611, 3068, 1147, 6340, 6860, 434, 8431, 5382, 7395, 266, 8727, 8174, 6886, 2125, 6383, 9416, 4895, 6710, 561, 4419, 1948, 9054, 4766, 9085, 3314, 363, 6637, 5937, 5317, 1027, 9856, 1465, 4404, 7335, 4594, 4507, 1042, 6911, 1136, 7759, 868, 9761, 1911, 7616, 7105, 3336, 7976, 3952, 4758, 5396, 6874, 9398, 632, 7790, 8612, 3810, 9285, 5985, 418, 1697, 74, 3933, 1556, 7169, 354, 5041, 709, 1222, 3826, 3010, 4364, 1094, 2288, 9516]
[180, 1821, 5105, 7398, 9789, 6344, 8635, 1937, 8643, 6634, 4630, 8711, 4723, 3164, 2739, 3779, 2775, 9803, 95, 4692, 3665, 3070, 7003, 959, 7812, 8951, 7969, 47, 5453, 4299, 9636, 8611, 9173, 2173, 3822, 5990, 3681, 6177, 7784, 613, 4910, 2445, 2012, 5351, 6837, 637, 5071, 2176, 9863, 5597, 601, 2946, 8332, 8635, 8224, 525, 729, 5470, 3084, 2347, 1165, 617, 1140, 4181, 9123, 5088, 2822, 661, 5012, 9840, 7118, 2027, 7635, 2860, 8434, 3478, 4835, 8488, 9971, 3607, 9966, 8776, 463, 5122, 6738, 7520, 3641, 8260, 8658, 1652, 5683, 4592, 579, 3064, 9281, 9912, 5111, 4027, 3702, 935]
[769, 2347, 2091, 4634, 4115, 1055, 7284, 1846, 7846, 1370, 7124, 656, 1948, 722, 7457, 4157, 8461, 4684, 7731, 6016, 5903, 3610, 79, 6648, 2023, 6304, 3521, 4797, 1216, 2794, 3789, 9618, 8813, 8127, 2768, 8448, 1509, 425, 3745, 5177, 2993, 3913, 4991, 4181, 6996, 5601, 4795, 1248, 6967, 8510, 7236, 9859, 757, 5707, 9734, 3950, 4466, 9970, 760, 3958, 955, 8262, 2735, 6371, 3454, 2986, 1391, 6005, 5068, 1276, 8498, 462, 3278, 5508, 1940, 3881, 3067, 9748, 2293, 338, 6963, 1147, 4828, 8223, 3657, 3146, 7007, 1899, 2405, 7356, 1356, 3229, 6266, 3057, 4588, 7340, 5760, 6459, 3642, 8463]
[951, 3812, 7790, 2489, 3056, 5128, 5169, 5006, 563, 7979, 2946, 5384, 5119, 3155, 6149, 9307, 2646, 22, 2907, 9189, 2875, 6453, 1824, 8347, 8826, 2318, 7106, 3870, 6762, 4078, 6699, 8905, 9369, 6826, 7409, 1797, 2914, 7331, 5909, 8748, 3218, 6003, 9842, 7969, 6328, 8210, 6066, 8343, 587, 1662, 2879, 6073, 9322, 9654, 5618, 4812, 4575, 2660, 6038, 296, 5650, 7749, 5836, 1732, 2792, 5987, 2252, 371, 5009, 7110, 2993, 6239, 9196, 6046, 4649, 2997, 4410, 8197, 4822, 6758, 1489, 7641, 3157, 9261, 5244, 8412, 9105, 9887, 4937, 6086, 8417, 2337, 2903, 6949, 2975, 2152, 9527, 9958, 8398, 2656]
[2475, 6175, 6459, 6818, 9752, 4631, 6963, 9731, 2113, 1325, 8006, 2907, 8298, 4630, 6086, 9336, 8043, 1149, 8143, 7395, 4049, 2823, 6787, 4636, 936, 4854, 3904, 2955, 9106, 47, 3118, 1385, 8095, 5141, 6688, 7630, 3406, 5015, 2822, 6461, 2847, 2372, 1976, 6713, 5351, 8632, 6961, 8329, 9614, 9529, 6065, 3956, 9635, 9251, 603, 1496, 4954, 5813, 7624, 9160, 452, 9886, 7950, 955, 9018, 8038, 1466, 1084, 526, 8210, 5817, 2905, 4325, 4157, 25, 5194, 7519, 6049, 4058, 6806, 5651, 4105, 9205, 4583, 6394, 9685, 9146, 4548, 4608, 8629, 93, 9048, 7248, 7373, 4648, 6338, 1399, 1210, 1887, 5881]
[9020, 3226, 7929, 5435, 5182, 77, 3698, 6767, 9488, 9872, 6841, 9836, 4823, 7504, 5369, 2972, 835, 942, 852, 10000, 5118, 4525, 6473, 1193, 8770, 7105, 6685, 794, 4132, 1646, 8922, 3275, 9115, 4633, 381, 410, 3429, 693, 1928, 7415, 971, 9591, 4080, 3777, 3145, 8095, 2396, 6378, 4654, 5236, 3853, 5404, 2644, 8264, 2543, 4906, 5555, 4142, 8875, 5948, 3124, 3240, 6862, 1140, 4297, 3399, 3024, 4603, 5247, 7960, 1594, 7578, 2430, 9165, 8627, 9312, 5807, 9431, 6417, 6215, 4164, 301, 3491, 643, 6742, 7075, 5799, 7417, 1835, 5046, 1836, 1863, 4870, 6451, 7701, 6372, 9731, 4997, 8471, 798]
[7229, 612, 1488, 5314, 619, 9789, 9351, 6403, 5708, 2605, 7497, 9946, 6825, 4477, 429, 3882, 6103, 6563, 2661, 5992, 846, 9288, 7576, 9433, 2168, 9905, 7423, 3697, 1992, 1206, 6308, 3637, 3306, 1149, 8017, 6883, 3730, 454, 1323, 8857, 2130, 6665, 9080, 3427, 8214, 3054, 4456, 6214, 5817, 6412, 9890, 275, 1541, 5745, 5603, 8665, 4944, 3837, 4061, 8888, 5181, 920, 4950, 6710, 782, 5718, 8718, 1212, 6167, 4692, 375, 504, 6610, 5386, 3136, 859, 7623, 7398, 6135, 5808, 2453, 2672, 7304, 4002, 5664, 7167, 6866, 8547, 1511, 9286, 6406, 5557, 2052, 7296, 962, 3773, 9255, 6147, 533, 5812]
[3541, 8604, 1357, 8011, 2522, 3611, 2565, 6829, 7496, 3508, 6324, 4993, 7305, 2945, 9016, 699, 3370, 1420, 1102, 3974, 9507, 9211, 3091, 5180, 3691, 577, 5493, 3519, 7398, 4150, 8350, 5617, 815, 1471, 5946, 8204, 3509, 5900, 6354, 7365, 6401, 3975, 9475, 6562, 8048, 144, 6828, 3712, 188, 9353, 6385, 5524, 6380, 4982, 4263, 129, 3546, 1499, 6707, 7045, 8886, 6460, 5648, 5870, 4026, 7323, 7548, 2827, 6130, 7404, 2025, 5982, 3612, 2374, 1279, 3097, 1854, 3348, 109, 4246, 644, 3345, 5897, 4881, 5324, 4673, 4036, 9708, 9232, 2325, 2579, 1156, 4930, 1979, 4699, 5968, 7493, 3378, 5224, 2264]
[9772, 1781, 4258, 7736, 2329, 806, 6983, 1519, 5263, 8741, 1279, 6294, 8743, 9951, 226, 8919, 6920, 7039, 8830, 1441, 6357, 4191, 8141, 2251, 3987, 2429, 8730, 8426, 8630, 2843, 6747, 5604, 5565, 827, 2125, 7428, 7466, 5242, 4623, 9523, 4158, 5138, 2825, 8651, 5917, 2565, 9924, 4467, 6939, 8967, 9853, 526, 3361, 5807, 2621, 7084, 1802, 8627, 6999, 4447, 2535, 9909, 6233, 1094, 965, 5922, 9743, 249, 9044, 9362, 9227, 7583, 7421, 8217, 9283, 9584, 746, 3539, 2359, 8634, 2162, 2181, 1102, 3930, 1136, 4478, 3425, 9486, 7672, 5635, 5115, 5437, 2377, 4929, 3863, 8663, 2490, 6107, 2538, 8447]
[216, 2462, 5995, 5526, 9325, 817, 3748, 7388, 9480, 2604, 8629, 761, 7624, 7066, 1531, 4836, 3907, 7566, 5162, 5736, 4428, 9283, 4205, 4165, 5509, 9264, 2341, 6895, 1501, 5946, 3934, 8601, 9977, 8905, 7800, 9328, 7298, 9746, 1298, 3872, 4508, 3613, 1795, 8773, 3627, 1757, 6463, 8987, 3669, 8915, 7220, 592, 9685, 1180, 392, 3824, 7527, 5983, 3112, 8683, 9468, 1127, 471, 5044, 6376, 6491, 9073, 1236, 2731, 9472, 2223, 3377, 9898, 2180, 6192, 5202, 5521, 1909, 3681, 9927, 3245, 380, 3092, 154, 3644, 7622, 8950, 6803, 219, 836, 1121, 6824, 5372, 1236, 8478, 6457, 6649, 3146, 770, 9429]
[8327, 4810, 4392, 7055, 9648, 9061, 9109, 4395, 9007, 4071, 7851, 7377, 2797, 1664, 9424, 937, 9545, 5777, 6619, 2670, 5910, 6577, 2822, 5389, 4861, 3389, 4807, 6088, 1731, 1687, 4547, 8528, 7431, 5572, 1543, 5549, 9719, 76, 7149, 6322, 6123, 3959, 8327, 7958, 5526, 9127, 5018, 4839, 806, 5480, 6471, 8282, 1424, 9609, 1966, 6945, 9029, 678, 8087, 826, 3919, 2490, 3331, 416, 7456, 9322, 1787, 5629, 4523, 1692, 1140, 4018, 6501, 4768, 1795, 4379, 5175, 7602, 5114, 8890, 7219, 1272, 8897, 304, 8456, 6103, 3479, 9182, 328, 46, 7737, 892, 8921, 541, 3787, 5618, 8073, 1048, 5472, 1050]
[2884, 1180, 520, 9273, 9915, 8420, 3255, 396, 3382, 9747, 874, 8741, 8141, 5201, 1510, 2193, 2102, 5116, 5323, 7918, 2615, 6191, 6826, 145, 5088, 8818, 288, 2299, 7960, 5326, 8917, 5150, 1450, 3985, 6818, 1399, 1744, 8909, 7626, 3581, 8689, 7251, 5921, 4653, 773, 2370, 8804, 9748, 2147, 6833, 5916, 8350, 2814, 8928, 1892, 8332, 2295, 9934, 1438, 8236, 6499, 3958, 4390, 4568, 4328, 6460, 5992, 4536, 1302, 5656, 6924, 3548, 7410, 7099, 1863, 8065, 9402, 5638, 9938, 3589, 5220, 6818, 3667, 6267, 9816, 9686, 4802, 5461, 8376, 6645, 5086, 7175, 1216, 7946, 9321, 7065, 2317, 6853, 6595, 6233]
[1932, 2358, 4574, 2731, 3980, 887, 967, 1256, 1525, 6460, 8505, 7865, 336, 9009, 8465, 6930, 1729, 3836, 813, 6826, 4718, 8695, 4759, 6689, 1689, 6327, 471, 6634, 1523, 3158, 694, 6591, 8371, 2611, 6727, 2432, 8639, 5600, 2055, 6091, 2699, 3235, 3020, 5174, 4684, 6444, 7293, 279, 8423, 6415, 6213, 9032, 6289, 1580, 3173, 894, 7814, 8398, 9855, 9305, 9984, 5778, 3779, 9726, 5841, 4342, 8874, 1246, 2474, 1603, 6822, 68, 470, 9058, 5999, 4951, 7673, 7416, 2963, 916, 1100, 3175, 2696, 9604, 312, 6949, 3627, 3833, 8028, 8296, 2402, 2846, 2400, 8755, 8468, 8774, 5331, 5733, 5289, 9094]
[6945, 600, 5010, 9283, 8708, 1784, 8468, 5814, 2013, 2652, 5267, 3065, 8942, 3430, 8398, 8125, 1460, 8976, 1722, 6428, 7066, 7605, 6824, 5680, 5468, 6978, 9043, 3189, 3227, 4282, 5605, 7564, 6548, 7870, 474, 2376, 5030, 8995, 7523, 1680, 9371, 2992, 629, 3120, 8843, 9220, 7622, 6232, 1346, 9730, 2785, 3613, 2646, 8710, 4144, 3701, 5730, 6717, 2822, 8957, 6527, 1607, 723, 5988, 5934, 3203, 4268, 1783, 1460, 6204, 6235, 4726, 3570, 7924, 5050, 3421, 9889, 1285, 7461, 5816, 5090, 7280, 3986, 6308, 8684, 5606, 9737, 9392, 145, 1707, 5215, 2977, 2369, 4814, 4306, 1371, 5707, 2006, 8037, 9676]
[6226, 7063, 305, 124, 3624, 2707, 6019, 4588, 1200, 2281, 3570, 8560, 1838, 8300, 8953, 448, 3448, 9271, 3441, 5646, 3026, 3862, 8471, 6434, 439, 6, 836, 7289, 5856, 1254, 2282, 5261, 6808, 5465, 9836, 2189, 6147, 942, 1240, 8093, 7473, 924, 722, 9407, 202, 1747, 308, 908, 3112, 5266, 7855, 9595, 580, 2391, 8207, 7732, 4853, 5463, 3356, 1317, 744, 2093, 307, 5319, 2398, 6035, 5725, 3581, 4732, 4557, 2381, 6476, 4020, 8656, 9787, 2533, 3646, 5026, 6260, 6934, 8199, 7230, 6735, 5990, 3100, 4715, 2788, 4829, 2444, 4593, 6911, 6472, 2914, 7854, 9021, 4934, 5776, 9099, 9838, 5314]
[1160, 4717, 3473, 9670, 7333, 1909, 7654, 7727, 3573, 8783, 8547, 5845, 6997, 5118, 8000, 1363, 5332, 6414, 791, 6279, 2294, 5268, 9109, 829, 5959, 5462, 5659, 3255, 2694, 3386, 9182, 3831, 2758, 7889, 147, 7866, 196, 3048, 5637, 2633, 8984, 5147, 3773, 648, 9977, 588, 2037, 3734, 2424, 2278, 5694, 5733, 8777, 2856, 6610, 1257, 5065, 4278, 6836, 1439, 3055, 2937, 9192, 5450, 3257, 85, 1720, 5948, 3239, 7248, 7802, 4499, 6642, 6267, 6287, 9692, 2124, 507, 1305, 8837, 1393, 8621, 7175, 1972, 6104, 7927, 8616, 6236, 7026, 8615, 4278, 8849, 9841, 9204, 4398, 9605, 8124, 2294, 7569, 9668]
[1244, 2247, 3406, 2031, 3457, 8654, 433, 7593, 853, 6561, 8863, 3129, 335, 3848, 5849, 6075, 3628, 1535, 5399, 7549, 4606, 3371, 1805, 5032, 1643, 9912, 2660, 4096, 6701, 8974, 1566, 3700, 8424, 6099, 656, 8313, 9733, 6582, 8810, 2187, 5624, 6908, 4661, 1873, 2440, 8497, 8125, 2227, 3602, 6800, 9242, 9572, 1831, 847, 5293, 7006, 5399, 5020, 4971, 3997, 4215, 4539, 4068, 3604, 4552, 3160, 8075, 9280, 7391, 7969, 2516, 2512, 2585, 2551, 3301, 9066, 9394, 9916, 1955, 6673, 6315, 7697, 8068, 3459, 1271, 6632, 2616, 2435, 4218, 9669, 1691, 489, 627, 8714, 9004, 8785, 2199, 2301, 2675, 7922]
[199, 9730, 8648, 8975, 5986, 2907, 6988, 3810, 6376, 1225, 6626, 6270, 2128, 6415, 9584, 3326, 3292, 9271, 8739, 426, 6609, 5871, 9124, 8895, 4234, 320, 2155, 306, 8988, 2166, 9865, 3008, 6003, 81, 6443, 312, 782, 1078, 6729, 5992, 8868, 9311, 7117, 9337, 8506, 6184, 7007, 3499, 3347, 7169, 8353, 8976, 7313, 6594, 5541, 6370, 722, 5507, 6867, 974, 9955, 6097, 3403, 228, 123, 7176, 6425, 1606, 2802, 2831, 5529, 8110, 1256, 7839, 3453, 3235, 9600, 281, 8872, 6798, 3305, 9767, 5905, 1057, 8765, 1686, 3911, 179, 1100, 2483, 7058, 6000, 5276, 3688, 62, 2757, 775, 1940, 7212, 4070]
[7789, 779, 4106, 4641, 2941, 6205, 2156, 1789, 7561, 4219, 9273, 7202, 7198, 1926, 565, 2663, 8100, 4484, 7838, 1694, 3829, 2483, 666, 3849, 3511, 819, 3827, 7913, 3904, 240, 7235, 1996, 8373, 9462, 34, 4398, 9093, 4468, 4122, 9913, 2816, 471, 2270, 9418, 594, 9226, 6647, 5991, 3692, 6830, 2373, 1858, 8191, 6439, 560, 2040, 6623, 4842, 9891, 8897, 4771, 79, 631, 8273, 8108, 562, 425, 2031, 9161, 6075, 7657, 1694, 2912, 7882, 1693, 5056, 3802, 8186, 5674, 1352, 1975, 755, 9342, 4787, 2302, 1272, 6273, 2057, 7820, 1800, 4914, 5936, 8503, 2233, 9469, 4000, 5338, 5671, 6971, 8411]
[4183, 4534, 2073, 6168, 20, 1489, 7620, 1709, 3800, 9648, 847, 780, 4561, 9855, 3110, 7961, 3199, 56, 7101, 7983, 4317, 2688, 6182, 3088, 1928, 2888, 1401, 4108, 1615, 4146, 5632, 5634, 4353, 2217, 9566, 3991, 3603, 9750, 2531, 6963, 3809, 8274, 4199, 8306, 7313, 5826, 5455, 1458, 9784, 5044, 8831, 9554, 6687, 2816, 6742, 1639, 3164, 8830, 9586, 6694, 8570, 5676, 1764, 9703, 6498, 8441, 6290, 9498, 3519, 4092, 498, 5068, 9186, 3216, 6264, 3221, 1952, 5026, 2738, 8909, 6980, 8158, 2631, 7210, 7291, 537, 7195, 3061, 8702, 8839, 6415, 5501, 6676, 4284, 8822, 145, 5483, 1565, 4369, 9365]
[6340, 2028, 7681, 3989, 5399, 5865, 4985, 3108, 9287, 5776, 1369, 5203, 6236, 6514, 8165, 1399, 9213, 4125, 1137, 482, 1167, 29, 8072, 7991, 7813, 9306, 1278, 4917, 1054, 9688, 986, 6729, 1193, 7649, 9412, 5622, 7627, 227, 2777, 4110, 8761, 7287, 4590, 7478, 6150, 4260, 7260, 6347, 9485, 4740, 2937, 2011, 3613, 6235, 1324, 7096, 9968, 8725, 5296, 7102, 5051, 8807, 5014, 2295, 4839, 3924, 9384, 1249, 7791, 8692, 8207, 4868, 1126, 5794, 8930, 2981, 7692, 4149, 1659, 6229, 6821, 1635, 4559, 7764, 5200, 7242, 7195, 6339, 2048, 935, 8024, 2375, 6240, 7477, 6305, 4304, 2357, 1091, 1161, 1270]
[3390, 9954, 80, 911, 1183, 6945, 5253, 9825, 5733, 3302, 3422, 3514, 2738, 3155, 2459, 1518, 3466, 9101, 1353, 2878, 4269, 8123, 5948, 5336, 5155, 7554, 1531, 2468, 2975, 3309, 5730, 543, 9388, 1112, 617, 9008, 3235, 953, 4397, 2286, 824, 8307, 9505, 9032, 2727, 2588, 2668, 1555, 2191, 5898, 8436, 9496, 3830, 257, 9050, 4029, 5498, 1958, 5937, 8266, 1869, 8948, 9636, 1637, 8696, 93, 5570, 6196, 7774, 5594, 8246, 6833, 7245, 8657, 2027, 6773, 3995, 7773, 711, 6172, 185, 5923, 810, 9508, 7018, 8613, 474, 858, 675, 9817, 8090, 7726, 8829, 4693, 3466, 8478, 1629, 179, 5791, 4770]
[9633, 6376, 2723, 8406, 7501, 1914, 1506, 3252, 3101, 570, 2396, 8230, 2899, 4380, 5442, 1726, 8393, 7164, 9649, 8084, 7796, 9141, 2784, 3484, 697, 3524, 1241, 4961, 6464, 8450, 8524, 5227, 2187, 6858, 5431, 9342, 3090, 7585, 1964, 5518, 930, 1552, 3495, 2698, 4672, 1048, 5378, 2646, 7454, 3740, 1450, 1574, 1470, 5967, 9810, 3579, 8569, 7497, 6490, 8831, 8054, 2702, 3430, 6702, 3614, 6761, 7496, 1704, 6444, 9335, 5457, 393, 5978, 6247, 9303, 1271, 8091, 6870, 7876, 7839, 6059, 9717, 4518, 4018, 9697, 4726, 7518, 2896, 7132, 3792, 5236, 7138, 7411, 1875, 7587, 7485, 6979, 7603, 5331, 1666]
[6162, 1980, 625, 6691, 146, 8134, 23, 7726, 6081, 9199, 2115, 7938, 2766, 2197, 1053, 1588, 2732, 4906, 6001, 8721, 2755, 289, 9381, 1724, 3511, 6843, 6698, 4238, 1017, 8939, 3785, 1759, 3527, 8151, 8744, 648, 1442, 5284, 1025, 5115, 5495, 4892, 5671, 3749, 8459, 8475, 7728, 4215, 8005, 6967, 9787, 410, 6617, 9580, 4841, 4166, 7916, 2218, 8851, 9711, 3891, 4962, 1815, 41, 6427, 1165, 199, 7100, 487, 4212, 198, 8802, 6386, 7761, 811, 7241, 7222, 326, 6466, 4886, 9299, 3249, 9754, 7990, 2343, 2399, 3125, 745, 5457, 3572, 7542, 9155, 1242, 4645, 7052, 2425, 1916, 701, 9038, 6770]
[9606, 7140, 7747, 8603, 6393, 1524, 793, 5818, 4101, 9584, 4746, 302, 6833, 2197, 3968, 636, 6079, 5402, 9743, 3484, 7026, 7139, 6576, 8727, 7573, 7321, 6191, 2294, 4605, 7837, 9733, 4411, 2041, 172, 1383, 1697, 4308, 3184, 1014, 4008, 8884, 7718, 4641, 483, 9062, 2008, 2799, 6295, 948, 6737, 4871, 5507, 5451, 4359, 8040, 3210, 8935, 8091, 5130, 373, 6686, 2448, 5934, 8038, 2809, 3247, 3232, 4576, 4357, 4288, 1109, 5550, 4667, 2460, 483, 4502, 6405, 5887, 6126, 4362, 580, 8445, 9317, 4409, 474, 8956, 5885, 7885, 5239, 1845, 9370, 8833, 4483, 9003, 2586, 2867, 3053, 8135, 700, 7788]
[5273, 7478, 1691, 1150, 1576, 4559, 2677, 9881, 7190, 353, 4573, 2349, 4658, 7147, 7301, 1910, 9634, 6914, 8910, 5673, 4297, 161, 154, 9058, 1467, 4970, 1796, 4137, 2348, 6067, 3934, 1623, 8109, 3244, 2756, 6723, 5989, 5824, 3109, 9822, 95, 2783, 134, 5157, 1153, 2501, 2387, 8185, 795, 9480, 8652, 6599, 1276, 790, 7473, 4045, 1896, 8194, 6478, 7380, 3754, 5364, 4875, 281, 764, 1914, 7259, 8165, 835, 2934, 4319, 1692, 236, 6635, 2491, 8572, 3582, 9162, 8300, 3225, 5930, 8595, 29, 8063, 8732, 6482, 2269, 9462, 5278, 689, 6901, 5679, 1287, 3232, 5420, 2595, 4765, 3757, 1776, 811]
[148, 6446, 3843, 2376, 8082, 3201, 9685, 2807, 6443, 8246, 4788, 5423, 4019, 6454, 2678, 7003, 7272, 9950, 2728, 741, 6447, 7946, 5710, 436, 7356, 1075, 7434, 2517, 4507, 1054, 3953, 5064, 7439, 9665, 7485, 5414, 9502, 1409, 5021, 7165, 721, 2924, 7114, 5731, 4054, 7034, 8660, 9418, 3925, 9168, 1692, 1772, 6615, 1574, 7173, 3680, 6882, 1916, 540, 3756, 6455, 4964, 7474, 4089, 2396, 2678, 9935, 5733, 6201, 8696, 6019, 1219, 6950, 4108, 9664, 7643, 4466, 845, 2615, 2292, 2881, 5860, 4843, 1680, 9636, 3942, 8619, 643, 209, 1209, 3767, 654, 3232, 250, 4274, 5945, 4517, 7922, 6632, 3681]
[4507, 8113, 3716, 6620, 9734, 4503, 170, 2151, 5281, 2703, 9818, 4841, 8162, 1391, 2046, 1277, 1308, 9535, 3491, 1351, 8763, 7166, 1321, 8708, 228, 6020, 4872, 1323, 3480, 8724, 2868, 5115, 5096, 6908, 8883, 7065, 7518, 2187, 2263, 8278, 6242, 1734, 5489, 6593, 3763, 5962, 9054, 2937, 635, 305, 6849, 3863, 9001, 6910, 20, 9141, 8207, 481, 88, 479, 5558, 259, 7663, 2276, 9237, 4107, 1495, 7508, 6461, 472, 5469, 4666, 8648, 198, 3876, 1976, 6653, 6701, 9680, 9909, 8024, 2212, 4294, 9457, 6101, 3540, 9165, 8070, 1144, 2428, 4413, 2928, 8406, 3145, 695, 5236, 2814, 9810, 5101, 3704]
[6398, 6841, 6087, 7717, 1278, 867, 1572, 1559, 8593, 7224, 9492, 8420, 464, 4750, 793, 8930, 5373, 6168, 1682, 5116, 3715, 4507, 9968, 5068, 8112, 6419, 4109, 7247, 4895, 5009, 4829, 7645, 2191, 9416, 4793, 3248, 8462, 3121, 2355, 8289, 6163, 7811, 7480, 4138, 346, 2737, 8465, 5955, 1645, 3060, 1537, 6281, 1520, 5749, 2290, 5108, 8626, 361, 5230, 6499, 2433, 9449, 1171, 1575, 9196, 8940, 5290, 4813, 1461, 8182, 4895, 6899, 9310, 7015, 708, 2136, 8036, 9135, 2949, 4159, 4688, 9721, 3627, 4915, 9878, 574, 4371, 3143, 5085, 1400, 3534, 2172, 3001, 7339, 4803, 2018, 6857, 353, 8794, 8853]
[8254, 5602, 6672, 2905, 692, 9797, 9237, 1643, 9937, 3221, 4006, 7769, 1596, 8910, 7084, 700, 7177, 6402, 5379, 1489, 531, 3447, 5203, 3553, 3083, 7909, 1395, 4128, 3193, 7399, 5796, 6969, 2294, 5028, 2575, 5972, 1247, 6855, 9589, 7026, 3676, 1956, 9887, 3174, 4563, 282, 8480, 9253, 8857, 8696, 4008, 9373, 4224, 6370, 6393, 9366, 7829, 1048, 6858, 6472, 8044, 9360, 8720, 1137, 7937, 6140, 7833, 3309, 9329, 7754, 885, 8835, 5758, 9708, 4955, 4759, 5996, 1616, 9083, 1200, 7633, 7116, 9537, 5194, 7149, 8116, 4947, 2347, 6493, 5776, 5449, 929, 4712, 6171, 9538, 9315, 6115, 5907, 5157, 8446]
[4609, 2467, 3022, 8251, 8302, 8735, 8743, 2039, 9161, 6726, 3026, 3103, 1369, 7854, 1674, 2349, 5297, 4221, 8877, 2788, 8056, 9835, 3895, 513, 8321, 7314, 7297, 9909, 4853, 9336, 6534, 6811, 2368, 2696, 1886, 8796, 4315, 7629, 5462, 1622, 3482, 6031, 5163, 4809, 9878, 5008, 8533, 6133, 2794, 2667, 882, 9892, 7979, 8722, 6522, 2515, 713, 2747, 5635, 2511, 4398, 7097, 7415, 6957, 1012, 7797, 449, 1945, 3524, 7452, 4156, 9630, 3201, 1000, 5960, 3965, 5834, 9284, 7893, 2535, 4874, 9803, 9702, 5539, 8336, 682, 637, 8708, 9722, 6059, 5261, 2986, 3701, 8257, 1668, 5366, 8277, 7675, 104, 7961]
[801, 7135, 7946, 7317, 1744, 1017, 3298, 2714, 958, 3388, 2649, 9431, 3492, 3083, 429, 2052, 9839, 1572, 9157, 8192, 2989, 8041, 6214, 9391, 9174, 1199, 286, 6951, 9405, 9218, 2717, 8090, 5066, 8612, 976, 3202, 3976, 6431, 8202, 1017, 7516, 3008, 5759, 4266, 9183, 1613, 8392, 2817, 9448, 8411, 9163, 7613, 964, 5874, 2362, 6956, 2782, 5689, 2642, 410, 2500, 8072, 73, 3855, 7537, 545, 232, 1669, 4523, 606, 912, 733, 5596, 1036, 2113, 1609, 9928, 3340, 6960, 3325, 6948, 2004, 497, 9556, 414, 7128, 8757, 2632, 8115, 8643, 8555, 4530, 6005, 7031, 8242, 4638, 201, 1826, 6618, 2772]
[170, 6334, 1575, 1914, 88, 7748, 4226, 7579, 442, 2438, 8859, 6581, 2578, 3161, 6551, 2898, 4551, 4995, 6742, 5610, 3804, 4429, 632, 1337, 8008, 7750, 3283, 2926, 6155, 8632, 7699, 5899, 253, 1220, 7288, 5627, 4260, 2788, 5238, 402, 8825, 1257, 4351, 2371, 2824, 4086, 3198, 5600, 6, 3780, 7650, 6965, 908, 5863, 3035, 419, 1581, 4139, 1768, 2783, 5223, 646, 9881, 4191, 7391, 7324, 8404, 8090, 924, 2500, 2684, 3548, 3024, 5188, 8328, 8934, 3129, 8741, 18, 9358, 6801, 8320, 3480, 7029, 5989, 6455, 3368, 1328, 1505, 7775, 6508, 9975, 6281, 4982, 6855, 1446, 2066, 8081, 3872, 6119]
[7474, 6452, 2192, 6322, 5583, 6214, 6329, 1365, 4474, 191, 3114, 2789, 4547, 4677, 6493, 1036, 6984, 7457, 9718, 5677, 554, 9243, 5912, 2714, 9336, 5280, 3871, 8761, 3415, 5813, 3921, 6132, 8570, 6731, 9459, 6904, 2976, 5624, 3978, 5701, 3263, 1152, 4654, 7985, 6614, 5352, 2874, 7078, 2829, 9053, 6820, 6721, 9074, 347, 1482, 5338, 9832, 204, 510, 7185, 8797, 4268, 9114, 4963, 7893, 3775, 4285, 8784, 9455, 8868, 5948, 4823, 3134, 7394, 7229, 9132, 6642, 6177, 3104, 494, 2784, 651, 2179, 514, 3674, 8090, 9272, 6599, 6417, 9039, 4676, 4699, 6963, 3446, 328, 7366, 3901, 5725, 3275, 9938]
[6880, 7914, 2073, 1757, 7708, 252, 2352, 811, 3507, 9896, 5138, 3227, 6068, 8232, 457, 6662, 3926, 1415, 9082, 1223, 8183, 7950, 6486, 6843, 1390, 775, 2176, 1285, 4166, 1603, 6080, 7893, 9208, 6619, 1454, 5505, 3291, 6833, 7443, 1271, 9724, 191, 2779, 484, 2026, 3328, 2142, 3771, 7508, 3499, 524, 5538, 7342, 2419, 8740, 682, 8157, 8604, 6178, 2413, 3727, 7070, 3294, 5283, 3959, 223, 7726, 9578, 4984, 5876, 4957, 8650, 5978, 4042, 9395, 4391, 6574, 6737, 940, 3419, 5909, 5564, 890, 5096, 5272, 5822, 4834, 2625, 8148, 8153, 9019, 3086, 7576, 4568, 9438, 7717, 6475, 5805, 6405, 9064]
